$MeshFormat
4.1 0 8
$EndMeshFormat
$PhysicalNames
2
1 2 "Restriccion XY"
1 3 "Fuerza"
$EndPhysicalNames
$Entities
4 4 1 0
1 0 0 0 0 
2 2000 0 0 0 
3 2000 200 0 0 
4 0 200 0 0 
1 -9.999996564147295e-08 -1e-07 -1e-07 2000.0000001 1e-07 1e-07 0 2 1 -2 
2 1999.9999999 -9.999999406318238e-08 -1e-07 2000.0000001 200.0000001 1e-07 1 3 2 2 -3 
3 -9.999996564147295e-08 199.9999999 -1e-07 2000.0000001 200.0000001 1e-07 0 2 3 -4 
4 -1e-07 -9.999999406318238e-08 -1e-07 1e-07 200.0000001 1e-07 1 2 2 4 -1 
1 -9.999996564147295e-08 -9.999999406318238e-08 -1e-07 2000.0000001 200.0000001 1e-07 1 1 4 1 2 3 4 
$EndEntities
$Nodes
9 273 1 273
0 1 0 1
1
0 0 0
0 2 0 1
2
2000 0 0
0 3 0 1
3
2000 200 0
0 4 0 1
4
0 200 0
1 1 0 37
5
6
7
8
9
10
11
12
13
14
15
16
17
18
19
20
21
22
23
24
25
26
27
28
29
30
31
32
33
34
35
36
37
38
39
40
41
52.63157894736842 0 0
105.2631578947368 0 0
157.8947368421053 0 0
210.5263157894737 0 0
263.1578947368421 0 0
315.7894736842105 0 0
368.421052631579 0 0
421.0526315789473 0 0
473.6842105263157 0 0
526.3157894736842 0 0
578.9473684210526 0 0
631.578947368421 0 0
684.2105263157894 0 0
736.8421052631578 0 0
789.4736842105262 0 0
842.1052631578947 0 0
894.7368421052631 0 0
947.3684210526316 0 0
1000 0 0
1052.631578947368 0 0
1105.263157894737 0 0
1157.894736842105 0 0
1210.526315789474 0 0
1263.157894736842 0 0
1315.78947368421 0 0
1368.421052631579 0 0
1421.052631578947 0 0
1473.684210526316 0 0
1526.315789473684 0 0
1578.947368421053 0 0
1631.578947368421 0 0
1684.210526315789 0 0
1736.842105263158 0 0
1789.473684210526 0 0
1842.105263157895 0 0
1894.736842105263 0 0
1947.368421052631 0 0
1 2 0 5
42
43
44
45
46
2000 33.33333333333333 0
2000 66.66666666666666 0
2000 99.99999999999999 0
2000 133.3333333333333 0
2000 166.6666666666667 0
1 3 0 37
47
48
49
50
51
52
53
54
55
56
57
58
59
60
61
62
63
64
65
66
67
68
69
70
71
72
73
74
75
76
77
78
79
80
81
82
83
1947.368421052632 200 0
1894.736842105263 200 0
1842.105263157895 200 0
1789.473684210526 200 0
1736.842105263158 200 0
1684.21052631579 200 0
1631.578947368421 200 0
1578.947368421053 200 0
1526.315789473684 200 0
1473.684210526316 200 0
1421.052631578948 200 0
1368.421052631579 200 0
1315.789473684211 200 0
1263.157894736842 200 0
1210.526315789474 200 0
1157.894736842105 200 0
1105.263157894737 200 0
1052.631578947368 200 0
1000 200 0
947.3684210526317 200 0
894.7368421052633 200 0
842.1052631578948 200 0
789.4736842105265 200 0
736.8421052631579 200 0
684.2105263157896 200 0
631.5789473684213 200 0
578.9473684210529 200 0
526.3157894736844 200 0
473.6842105263158 200 0
421.0526315789473 200 0
368.421052631579 200 0
315.7894736842106 200 0
263.1578947368423 200 0
210.526315789474 200 0
157.8947368421054 200 0
105.2631578947369 200 0
52.63157894736855 200 0
1 4 0 5
84
85
86
87
88
0 166.6666666666667 0
0 133.3333333333333 0
0 100 0
0 66.66666666666669 0
0 33.33333333333334 0
2 1 0 185
89
90
91
92
93
94
95
96
97
98
99
100
101
102
103
104
105
106
107
108
109
110
111
112
113
114
115
116
117
118
119
120
121
122
123
124
125
126
127
128
129
130
131
132
133
134
135
136
137
138
139
140
141
142
143
144
145
146
147
148
149
150
151
152
153
154
155
156
157
158
159
160
161
162
163
164
165
166
167
168
169
170
171
172
173
174
175
176
177
178
179
180
181
182
183
184
185
186
187
188
189
190
191
192
193
194
195
196
197
198
199
200
201
202
203
204
205
206
207
208
209
210
211
212
213
214
215
216
217
218
219
220
221
222
223
224
225
226
227
228
229
230
231
232
233
234
235
236
237
238
239
240
241
242
243
244
245
246
247
248
249
250
251
252
253
254
255
256
257
258
259
260
261
262
263
264
265
266
267
268
269
270
271
272
273
105.2631578947369 66.6666666666667 0
105.263157894737 133.3333333333333 0
210.5263157894736 66.6666666666667 0
210.5263157894739 133.3333333333334 0
315.7894736842106 66.6666666666667 0
315.7894736842106 133.3333333333333 0
421.0526315789472 66.66666666666669 0
421.0526315789472 133.3333333333333 0
526.3157894736844 66.66666666666669 0
526.3157894736843 133.3333333333333 0
631.5789473684212 66.6666666666667 0
631.5789473684213 133.3333333333333 0
736.8421052631578 66.66666666666666 0
736.8421052631579 133.3333333333333 0
842.1052631578948 66.66666666666669 0
842.1052631578948 133.3333333333333 0
947.3684210526316 66.66666666666666 0
947.3684210526317 133.3333333333333 0
1052.631578947368 66.66666666666666 0
1052.631578947368 133.3333333333333 0
1157.894736842105 66.66666666666666 0
1157.894736842105 133.3333333333333 0
1263.157894736842 66.66666666666666 0
1263.157894736842 133.3333333333333 0
1368.421052631579 66.66666666666666 0
1368.421052631579 133.3333333333333 0
1473.684210526315 66.66666666666666 0
1473.684210526316 133.3333333333333 0
1578.947368421053 66.66666666666666 0
1578.947368421053 133.3333333333333 0
1684.21052631579 66.66666666666669 0
1684.21052631579 133.3333333333333 0
1789.473684210526 66.66666666666666 0
1789.473684210526 133.3333333333333 0
1894.736842105263 66.66666666666669 0
1894.736842105263 133.3333333333333 0
105.2631578947369 33.33333333333334 0
52.63157894736844 66.66666666666669 0
52.63157894736844 33.33333333333334 0
105.2631578947369 100 0
52.63157894736855 133.3333333333333 0
52.63157894736855 100 0
105.2631578947369 166.6666666666667 0
52.63157894736844 166.6666666666667 0
210.5263157894736 33.33333333333334 0
157.8947368421052 66.6666666666667 0
157.8947368421052 33.33333333333334 0
210.5263157894738 100 0
157.8947368421054 133.3333333333333 0
157.8947368421053 100 0
210.526315789474 166.6666666666667 0
157.8947368421054 166.6666666666667 0
315.7894736842106 33.33333333333334 0
263.1578947368421 66.6666666666667 0
263.1578947368421 33.33333333333334 0
315.7894736842106 100 0
263.1578947368423 133.3333333333333 0
263.1578947368422 100 0
315.7894736842106 166.6666666666667 0
263.1578947368423 166.6666666666667 0
421.0526315789473 33.33333333333334 0
368.421052631579 66.66666666666669 0
368.421052631579 33.33333333333334 0
421.0526315789472 100 0
368.421052631579 133.3333333333333 0
368.421052631579 100 0
421.0526315789473 166.6666666666667 0
368.421052631579 166.6666666666667 0
526.3157894736843 33.33333333333334 0
473.6842105263157 66.66666666666669 0
473.6842105263158 33.33333333333334 0
526.3157894736843 100 0
473.6842105263157 133.3333333333333 0
473.6842105263157 100 0
526.3157894736844 166.6666666666667 0
473.6842105263157 166.6666666666667 0
631.578947368421 33.33333333333334 0
578.9473684210527 66.6666666666667 0
578.9473684210527 33.33333333333334 0
631.5789473684212 100 0
578.9473684210527 133.3333333333333 0
578.9473684210527 100 0
631.5789473684213 166.6666666666667 0
578.9473684210528 166.6666666666667 0
736.8421052631578 33.33333333333333 0
684.2105263157895 66.66666666666669 0
684.2105263157894 33.33333333333334 0
736.8421052631578 100 0
684.2105263157896 133.3333333333333 0
684.2105263157895 100 0
736.8421052631579 166.6666666666667 0
684.2105263157896 166.6666666666667 0
842.1052631578948 33.33333333333334 0
789.4736842105264 66.66666666666667 0
789.4736842105262 33.33333333333333 0
842.1052631578948 100 0
789.4736842105264 133.3333333333333 0
789.4736842105262 100 0
842.1052631578948 166.6666666666667 0
789.4736842105265 166.6666666666667 0
947.3684210526316 33.33333333333333 0
894.7368421052632 66.66666666666667 0
894.7368421052631 33.33333333333333 0
947.3684210526316 100 0
894.7368421052632 133.3333333333333 0
894.7368421052632 100 0
947.3684210526317 166.6666666666667 0
894.7368421052633 166.6666666666667 0
1052.631578947368 33.33333333333333 0
999.9999999999999 66.66666666666666 0
1000 33.33333333333333 0
1052.631578947368 100 0
1000 133.3333333333333 0
1000 100 0
1052.631578947368 166.6666666666667 0
1000 166.6666666666667 0
1157.894736842105 33.33333333333333 0
1105.263157894737 66.66666666666666 0
1105.263157894737 33.33333333333334 0
1157.894736842105 100 0
1105.263157894737 133.3333333333333 0
1105.263157894737 100 0
1157.894736842105 166.6666666666667 0
1105.263157894737 166.6666666666667 0
1263.157894736842 33.33333333333333 0
1210.526315789474 66.66666666666666 0
1210.526315789474 33.33333333333334 0
1263.157894736842 100 0
1210.526315789474 133.3333333333333 0
1210.526315789474 100 0
1263.157894736842 166.6666666666667 0
1210.526315789474 166.6666666666667 0
1368.421052631579 33.33333333333333 0
1315.78947368421 66.66666666666666 0
1315.78947368421 33.33333333333333 0
1368.421052631579 99.99999999999999 0
1315.78947368421 133.3333333333333 0
1315.78947368421 99.99999999999999 0
1368.421052631579 166.6666666666667 0
1315.789473684211 166.6666666666667 0
1473.684210526316 33.33333333333333 0
1421.052631578947 66.66666666666666 0
1421.052631578947 33.33333333333333 0
1473.684210526316 100 0
1421.052631578947 133.3333333333333 0
1421.052631578947 99.99999999999999 0
1473.684210526316 166.6666666666667 0
1421.052631578947 166.6666666666667 0
1578.947368421053 33.33333333333333 0
1526.315789473684 66.66666666666666 0
1526.315789473684 33.33333333333333 0
1578.947368421053 99.99999999999999 0
1526.315789473684 133.3333333333333 0
1526.315789473684 99.99999999999999 0
1578.947368421053 166.6666666666667 0
1526.315789473684 166.6666666666667 0
1684.21052631579 33.33333333333334 0
1631.578947368421 66.66666666666667 0
1631.578947368421 33.33333333333333 0
1684.21052631579 100 0
1631.578947368421 133.3333333333333 0
1631.578947368421 100 0
1684.21052631579 166.6666666666667 0
1631.578947368421 166.6666666666667 0
1789.473684210526 33.33333333333333 0
1736.842105263158 66.66666666666667 0
1736.842105263158 33.33333333333334 0
1789.473684210526 100 0
1736.842105263158 133.3333333333333 0
1736.842105263158 100 0
1789.473684210526 166.6666666666667 0
1736.842105263158 166.6666666666667 0
1894.736842105263 33.33333333333334 0
1842.105263157895 66.66666666666667 0
1842.105263157895 33.33333333333333 0
1894.736842105263 100 0
1842.105263157895 133.3333333333333 0
1842.105263157895 100 0
1894.736842105263 166.6666666666667 0
1842.105263157895 166.6666666666667 0
1947.368421052632 66.66666666666667 0
1947.368421052631 33.33333333333334 0
1947.368421052631 133.3333333333333 0
1947.368421052631 100 0
1947.368421052632 166.6666666666667 0
$EndNodes
$Elements
3 240 1 240
1 2 1 6
1 2 42 
2 42 43 
3 43 44 
4 44 45 
5 45 46 
6 46 3 
1 4 1 6
7 4 84 
8 84 85 
9 85 86 
10 86 87 
11 87 88 
12 88 1 
2 1 3 228
13 1 5 127 88 
14 5 6 125 127 
15 127 125 89 126 
16 88 127 126 87 
17 87 126 130 86 
18 126 89 128 130 
19 130 128 90 129 
20 86 130 129 85 
21 85 129 132 84 
22 129 90 131 132 
23 132 131 82 83 
24 84 132 83 4 
25 6 7 135 125 
26 7 8 133 135 
27 135 133 91 134 
28 125 135 134 89 
29 89 134 138 128 
30 134 91 136 138 
31 138 136 92 137 
32 128 138 137 90 
33 90 137 140 131 
34 137 92 139 140 
35 140 139 80 81 
36 131 140 81 82 
37 8 9 143 133 
38 9 10 141 143 
39 143 141 93 142 
40 133 143 142 91 
41 91 142 146 136 
42 142 93 144 146 
43 146 144 94 145 
44 136 146 145 92 
45 92 145 148 139 
46 145 94 147 148 
47 148 147 78 79 
48 139 148 79 80 
49 10 11 151 141 
50 11 12 149 151 
51 151 149 95 150 
52 141 151 150 93 
53 93 150 154 144 
54 150 95 152 154 
55 154 152 96 153 
56 144 154 153 94 
57 94 153 156 147 
58 153 96 155 156 
59 156 155 76 77 
60 147 156 77 78 
61 12 13 159 149 
62 13 14 157 159 
63 159 157 97 158 
64 149 159 158 95 
65 95 158 162 152 
66 158 97 160 162 
67 162 160 98 161 
68 152 162 161 96 
69 96 161 164 155 
70 161 98 163 164 
71 164 163 74 75 
72 155 164 75 76 
73 14 15 167 157 
74 15 16 165 167 
75 167 165 99 166 
76 157 167 166 97 
77 97 166 170 160 
78 166 99 168 170 
79 170 168 100 169 
80 160 170 169 98 
81 98 169 172 163 
82 169 100 171 172 
83 172 171 72 73 
84 163 172 73 74 
85 16 17 175 165 
86 17 18 173 175 
87 175 173 101 174 
88 165 175 174 99 
89 99 174 178 168 
90 174 101 176 178 
91 178 176 102 177 
92 168 178 177 100 
93 100 177 180 171 
94 177 102 179 180 
95 180 179 70 71 
96 171 180 71 72 
97 18 19 183 173 
98 19 20 181 183 
99 183 181 103 182 
100 173 183 182 101 
101 101 182 186 176 
102 182 103 184 186 
103 186 184 104 185 
104 176 186 185 102 
105 102 185 188 179 
106 185 104 187 188 
107 188 187 68 69 
108 179 188 69 70 
109 20 21 191 181 
110 21 22 189 191 
111 191 189 105 190 
112 181 191 190 103 
113 103 190 194 184 
114 190 105 192 194 
115 194 192 106 193 
116 184 194 193 104 
117 104 193 196 187 
118 193 106 195 196 
119 196 195 66 67 
120 187 196 67 68 
121 22 23 199 189 
122 23 24 197 199 
123 199 197 107 198 
124 189 199 198 105 
125 105 198 202 192 
126 198 107 200 202 
127 202 200 108 201 
128 192 202 201 106 
129 106 201 204 195 
130 201 108 203 204 
131 204 203 64 65 
132 195 204 65 66 
133 24 25 207 197 
134 25 26 205 207 
135 207 205 109 206 
136 197 207 206 107 
137 107 206 210 200 
138 206 109 208 210 
139 210 208 110 209 
140 200 210 209 108 
141 108 209 212 203 
142 209 110 211 212 
143 212 211 62 63 
144 203 212 63 64 
145 26 27 215 205 
146 27 28 213 215 
147 215 213 111 214 
148 205 215 214 109 
149 109 214 218 208 
150 214 111 216 218 
151 218 216 112 217 
152 208 218 217 110 
153 110 217 220 211 
154 217 112 219 220 
155 220 219 60 61 
156 211 220 61 62 
157 28 29 223 213 
158 29 30 221 223 
159 223 221 113 222 
160 213 223 222 111 
161 111 222 226 216 
162 222 113 224 226 
163 226 224 114 225 
164 216 226 225 112 
165 112 225 228 219 
166 225 114 227 228 
167 228 227 58 59 
168 219 228 59 60 
169 30 31 231 221 
170 31 32 229 231 
171 231 229 115 230 
172 221 231 230 113 
173 113 230 234 224 
174 230 115 232 234 
175 234 232 116 233 
176 224 234 233 114 
177 114 233 236 227 
178 233 116 235 236 
179 236 235 56 57 
180 227 236 57 58 
181 32 33 239 229 
182 33 34 237 239 
183 239 237 117 238 
184 229 239 238 115 
185 115 238 242 232 
186 238 117 240 242 
187 242 240 118 241 
188 232 242 241 116 
189 116 241 244 235 
190 241 118 243 244 
191 244 243 54 55 
192 235 244 55 56 
193 34 35 247 237 
194 35 36 245 247 
195 247 245 119 246 
196 237 247 246 117 
197 117 246 250 240 
198 246 119 248 250 
199 250 248 120 249 
200 240 250 249 118 
201 118 249 252 243 
202 249 120 251 252 
203 252 251 52 53 
204 243 252 53 54 
205 36 37 255 245 
206 37 38 253 255 
207 255 253 121 254 
208 245 255 254 119 
209 119 254 258 248 
210 254 121 256 258 
211 258 256 122 257 
212 248 258 257 120 
213 120 257 260 251 
214 257 122 259 260 
215 260 259 50 51 
216 251 260 51 52 
217 38 39 263 253 
218 39 40 261 263 
219 263 261 123 262 
220 253 263 262 121 
221 121 262 266 256 
222 262 123 264 266 
223 266 264 124 265 
224 256 266 265 122 
225 122 265 268 259 
226 265 124 267 268 
227 268 267 48 49 
228 259 268 49 50 
229 40 41 270 261 
230 41 2 42 270 
231 270 42 43 269 
232 261 270 269 123 
233 123 269 272 264 
234 269 43 44 272 
235 272 44 45 271 
236 264 272 271 124 
237 124 271 273 267 
238 271 45 46 273 
239 273 46 3 47 
240 267 273 47 48 
$EndElements
